3 4 6521 11444 3312 6282 
2 5 6282 349 3340 9388 321 
2 5 6282 6334 9334 9361 11372 
1 4 6332 6402 3380 362 
1 3 6332 11245 6375 
3 4 6521 9428 6441 514 
2 5 6521 375 11219 11276 321 
3 4 6521 3499 9456 3522 
1 4 3522 9375 526 6377 
1 4 6377 6263 6325 9347 
2 3 9347 6257 6389 
3 7 6521 11505 9496 3572 6595 552 9570 
2 3 6282 3207 9496 
1 4 9347 3368 3231 11366 
1 3 6377 3271 3326 
2 4 9347 6325 6349 3326 
1 2 3326 241 
1 7 6469 6622 11346 9281 11264 11360 241 
1 2 6469 587 
3 2 6469 495 
1 3 495 6535 11388 
1 4 11388 247 309 3326 
1 6 495 6535 9509 405 3395 6377 
1 4 6469 6570 529 11494 
2 4 11494 3423 9575 11531 
3 3 11494 6444 6488 
2 4 11531 11547 11560 6488 
3 4 9517 6568 589 6488 
2 5 11531 563 3558 3530 9517 
3 2 9517 11499 
2 2 11499 708 
1 3 708 3705 692 
1 3 692 11653 9515 
2 5 9517 3530 6542 6712 3692 
1 4 3692 3679 6934 9655 
1 4 9655 11638 6693 692 
1 3 11499 3690 9655 
3 5 495 3398 9547 3524 6488 
2 4 9515 3299 571 11544 
1 3 692 9652 707 
1 4 707 3688 6725 9515 
2 4 11499 9545 11529 11544 
2 6 11544 9572 11417 11445 3397 6488 
1 5 6488 3524 6549 9524 3561 
3 4 3561 425 6487 3522 
1 3 3561 6513 564 
1 4 564 11431 9443 495 
1 4 6377 11493 3355 564 
1 4 6488 3524 11533 564 
1 4 3561 425 6582 3535 
1 3 3535 11481 514 
1 4 3535 6582 6487 3522 
2 8 11544 9416 3474 482 6524 538 6501 3535 
1 4 11372 11343 9263 362 
1 14 6521 11505 9496 537 6236 9387 9252 11260 11288 334 389 3380 6402 6332 
1 6 6332 395 3384 11312 3272 6296 
1 3 3320 327 6296 
3 16 3151 149 11068 9164 6095 6035 6086 9111 187 2999 11315 3215 11250 3358 11282 6380 
2 4 758 11710 9689 6734 
2 5 11805 3861 799 6924 9817 
1 7 6880 9765 3866 980 970 11768 11805 
2 3 6734 9686 11677 
1 4 11677 11692 6955 758 
1 3 9764 854 9824 
2 7 6906 9896 6817 3873 6966 6812 9764 
1 4 6906 6959 9889 4098 
1 2 4098 10024 
1 5 10024 10109 4065 11956 1176 
1 3 1176 11956 12038 
2 4 1176 7068 7198 4182 
1 3 4182 10009 9979 
