1 101 
1 121 
1 122 
1 141 
1 191 
1 192 
1 241 
1 271 
1 306 
1 310 
1 321 
1 351 
1 362 
1 377 
1 383 
1 385 
1 391 
1 394 
1 399 
1 402 
1 418 
1 476 
1 485 
1 492 
1 495 
1 512 
1 514 
1 516 
1 525 
1 540 
1 560 
1 572 
1 587 
1 603 
1 619 
1 620 
1 650 
1 657 
1 663 
1 673 
1 678 
1 688 
1 689 
1 692 
1 719 
1 740 
1 743 
1 746 
1 758 
1 782 
1 788 
1 819 
1 832 
1 875 
1 883 
1 885 
1 911 
1 913 
1 915 
1 925 
1 949 
1 952 
1 957 
1 964 
1 1025 
1 1047 
1 1048 
1 1065 
1 1069 
1 1086 
1 1092 
1 9851 
